1249853
2758160
2758161
2758162
2758163
9X4617
4367077
1667212
1667213
3B2968
1894647
2128425
2721944
3S1219
2137322
7T4145
4950677
3G8053
5981329
2277449
1619833
4238521
5000480
5000481
8T1158
1R0774
2350128
1772330
8T0860
1R0726
5023341
1R0756
3733187
3748480
7T0282
3259616
2J3507
5909787
5000483
1R0722
1099719
3477092
5K2294
4671179
5236602
1R0778
7D3013
1347435
2F1336
2877208
3905852
9D6589
7K9209
1134655
3529944
2525871
2525872
3837670
1156337
2959695
2653539
9X8281
2388292
2459359
2341645
5732837
4994442
9S8004
2443114
5694546
8T4136
3435527
3777037
6I2510
4205767
1757896
6J5731
1360822
1004466
6040393
8N2079
8N2081
2696436
1359350
1777860
8P1958
6008979
2278190
2260291
6008980
6008981
2260294
1607820
8E7222
2520784
2076809
2260338
5988971
2260443
1043895
2260449
1116841
2138705
4756346
54362
7N9322
308537
1640241
8Y4037
6009723
2395025
2261900
2030461
2599312
5P3088
2262773
2262779
5G8993
3255848
2263571
5825276
2263800
1356644
2264020
665816
2264162
2065214
2264192
6009726
2264355
8T0293
2264366
5462148
2264367
6C2847
5328704
4152354
2G1034
5005272
5119934
1905623
2264560
2264561
5005273
2264755
1283936
2264872
1363715
1050381
2265540
1090074
1024232
3162969
2265613
9X7371
2266039
1635455
2266052
2266473
1085453
2266545
1729468
2266547
1085454
1953739
2474865
2267164
6V2761
2267485
2267635
2268202
5T3900
2268767
8P1812
2269124
2269248
2269380
2269381
2269764
2235874
2270139
2270265
617738
2270428
1279087
2270581
2270590
1495986
2271057
2271184
2271185
2271189
2271192
2630892
2578532
2271197
4C8637
3F3915
1144427
7D5207
2942709
2893054
2271214
2272573
2272584
5458976
3728221
3590965
4C4989
2S7594
2272902
9L6924
2273029
50471
7S7680
8T9396
2273619
2273814
6V5320
8T6724
1438874
5L3773
3862391
5677157
2274119
2274343
5271988
3342578
1046202
2274376
8E9599
7G1136
2221980
4475464
2274389
1075665
9R8390
2274531
1371077
1152367
1384117
2766596
3851232
2478269
1666938
3869557
1755124
6036423
2386844
6D1734
6N1396
3859616
2275347
5386715
1177798
2777763
3002037
4812651
5720340
1242150
2275538
6222369
4332426
4811855
1477249
4D0623
2275904
2275906
2433720
2275907
9X8582
2922491
2275942
5K6077
3050332
4V1939
9L9372
2587603
4866534
2275978
5555894
2276034
2276048
2276071
5385960
5228177
2276073
2775686
5217896
7R6776
5217931
3039597
2972825
98708
2276074
9U4808
2276075
2276076
2276077
4576114
2276105
2276177
2276178
3063997
3945213
3206751
7T2654
2276179
5216421
2276180
5005424
5677180
8X7422
1531810
5670264
2276221
6W2398
2276744
1242071
2364127
2276861
2276908
5224350
5363858
4935898
2277340
2310332
2277392
4782776
5363859
2277575
1966848
2305775
9H5545
4663321
5005303
9P6790
7T1152
7W2467
9F1490
7B9514
2278313
5005302
5789822
1187303
3K2556
3683249
3683251
9R1581
8M8509
8Y7402
9R6973
2279012
3168324
2279032
2279845
9Y7361
2280172
7E4369
3089441
2280419
2824131
1920860
5228259
2010375
6T5814
2407113
2280806
4678242
4529871
6Y9220
2457350
7L4518
2532547
9G0742
2281779
1157787
8E4525
2281789
6Y3986
9R6614
9U0773
5956585
2282738
2821637
2506084
2282740
2928520
4657824
8U2320
3069394
3149556
3683252
2282775
3761583
3004147
1903850
4657825
2282881
2429005
1364333
4635431
1194604
3024159
5332615
5V7160
2106897
5784416
2282981
2283581
2283610
1974582
5968489
5N4444
2161556
2284381
2284593
1633926
2563454
4908089
3149743
2284709
4908088
3517535
2284798
1383100
2284931
2284982
2285108
8W9683
5386468
2276100
2433850
2285614
2285615
2285617
2285619
5T8415
1657235
6V3378
2285654
2285810
3639111
2305773
2285897
1925821
2286052
8T5319
2177358
2286054
4679698
5328958
2286089
2305772
3858593
2G5900
8D8698
2286428
2286581
1982974
1011971
2287074
4642406
1859390
1982975
2287089
1859391
2287090
2287091
4570176
2287093
2287094
2287096
3S9847
4T5255
3Q6462
2673919
1935859
3647618
2287097
2287099
2287100
2287101
2287102
1727790
2287103
2287105
2451363
1242081
2287106
4445929
1165277
4S1253
1282584
2077434
2300812
1530196
4616187
9W9816
1484404
2287381
2416256
2127670
1280308
3879432
2550849
2550848
3196291
5912382
3075601
4181917
1704732
4181915
3040326
5811931
6E3635
4475462
5019383
5019384
5005301
3897522
1U5486
3881454
2287467
2287696
2W8851
2287837
2399690
2288219
2288397
2487619
2288510
2288963
6V1366
2289108
4609965
2G6339
2289132
1123587
2473393
2289253
4199163
2284389
2289254
2289657
1646170
2516079
9D3583
8X5111
2289673
1090881
2887303
2459947
9D5659
2289897
2290625
2894027
1381843
1218096
2290774
2290999
2291021
4361405
2069762
5613579
2207286
2287031
3200287
3456789
2291096
2525870
2291490
2761408
2572185
2530931
3000705
2291632
2525867
3755942
2291663
2291861
2292543
1196238
2292578
3K0158
2292626
2293218
2P2508
5228235
4631082
2293469
5019392
2293557
4750572
2294896
3E8036
3151433
4C9301
3861846
3P2893
5019393
2295051
5019397
2295085
1W8508
2295091
2295153
2295154
2295156
1742855
2622870
5230028
2295469
2093098
1859404
3305584
3711784
1460758
1340939
5238421
5541286
5486727
5225156
5262302
5225157
5088563
2295819
2296266
2297194
676933
309612
2297377
1189573
2297534
2B7218
2298352
2298670
5T4673
2298757
4438242
4950353
3310290
5T4674
2298810
2357527
2298844
2298851
8T1487
3870421
2062734
8W9659
5980497
4500998
1159210
4688211
2299121
5849674
4W2138
5252585
2299123
308110
2299124
2299126
2299323
1162395
5486489
7W7071
2299880
2300917
2300940
5748166
2301072
5185313
2301296
2301302
2301340
2301341
4E1062
2302190
2302520
5476749
5476748
2302569
2302603
2302621
2302633
5825249
1U0761
2302781
6V7728
2302782
2490974
2258923
2302800
2302810
2302811
3752312
2302829
5203001
3752308
2302835
3E8622
2302854
2302865
2302867
1153634
5651157
2302868
2302870
680009
2302881
2302895
4594973
2302917
2302920
2302930
2302931
2302933
1252059
3341474
2302941
2302970
3020408
2303214
1R0766
5053991
2440397
2303396
8E6757
2303489
2303671
1313539
2303739
8E6866
8E9938
8E9947
2303776
5060013
3295953
9X0199
2954801
5691579
4924408
1U6539
2304009
4174374
4173776
2304010
1903832
1430013
5362706
5483656
5522392
2304011
1847202
1552836
1552839
3160680
1756746
1956768
4155585
1L2073
1L5011
1U4645
9W9482
1663781
5P0405
5H4017
5216762
9W4950
2304012
2304014
2304017
6V8555
9J1985
9M5306
5N2886
6V8552
2529298
6T7774
5W8656
1291101
4471817
2W6672
2304078
3906459
5241613
1412785
9U6912
2Y6462
2304171
3116030
4951507
5P0046
5K6050
3327350
908247
6V9950
6V9951
1538339
3N6935
2305008
2305009
2305010
5931662
956639
3561219
2305120
2634163
2305121
6V2606
2305780
1628284
2305786
2305811
1433841
7I5073
2444360
4475549
1644867
4624660
3597214
3D4072
2305935
5019294
2306279
2054192
8E2234
2213416
2306284
1248966
2306368
5200965
1022078
5745158
6Y9074
2307167
2053255
1015720
4624662
5230364
2307198
2307640
3406338
2307732
2308903
2158146
1220449
1875426
3065048
5326253
2308993
2308995
2308996
1831404
2308997
3292654
2308998
2308999
1319307
1017402
5S9591
3090820
3102138
1242073
2525864
2497076
4639456
5230037
2309127
2309174
4T3010
1694089
2309447
2253195
1663777
6V4651
2525868
6V4664
1015726
4198298
2309796
4L8546
963044
4211025
2309992
9K2175
1366550
7W8910
1412786
3134938
2114493
2309999
5N2885
3615610
7W0447
2310168
2310325
4222861
1662180
2310326
2310327
2P8355
3054952
3591575
5L5281
1380050
2310670
1744970
1236855
2310671
2310695
2310696
8U8074
2433133
5005704
3128934
5005707
2688702
2312236
2312295
1631879
2312953
7W0053
4354563
1290318
7S0577
6V1871
2313043
3836348
2313047
3941603
2313264
3907340
5218399
2313497
2313538
3033703
2314173
5777405
2314259
1649662
2314321
2390617
1428929
3862242
2314457
4432843
2877318
4M7021
6V4676
1N9924
5N6394
4916681
8T6723
2314470
1053485
1088426
7W5967
8Y5891
5997270
4571600
5005674
2314471
1898610
4977241
3836218
5237510
4557366
2314708
3920225
4787773
2316133
965919
952005
3126466
5101789
1494915
1178929
2316550
5P0045
7S2371
2316843
5005703
2316969
5956580
5005649
5956587
5005660
2317585
38470
2317849
5N7902
9W8682
2317853
2318048
2318855
2318900
2319030
4557364
5005664
2319330
2319458
5203545
4230196
2135271
5005665
2320170
951513
2320173
2200454
5005667
3759396
2320895
2321115
5005672
5839944
8S3918
3401848
2385291
5S3454
2536273
2321288
2P1313
2321293
4N3889
2416181
2109528
4I0379
8K5114
5P0050
6V1575
7L2334
1P9589
5P9593
3757224
4470149
6V1870
2375396
3854551
2043802
5P1706
6V9952
5N8780
6V9953
2105530
2321322
1330761
2920072
2114348
3E6868
2P2675
6F7702
4325415
3196059
2321328
2347517
3090121
1P7931
5S3842
1990786
1990759
2321473
4T0345
1660036
1053025
2321684
2321685
2321686
1053030
2321687
5997280
2321693
2321792
2321794
4385675
1864195
1T1659
